17156146480
17130724921
17108931726
16525419562
17130724244
16525465184
17156143751
17108930466
17156141690
17130726091
17113433410
17105795527
17197927807
17198041207
17156143319
16525461714
16525408545
17197909058
16525242698
17197900698
17156145448
16525248911
17121812845
17105798382
16569792332
17197926827
16525305124
17166265147
17130724339
17130725514
17167257130
17108930133
17156145611
17156140124
16572198682
16565708918
16739134946
17169479295
16739134738
16724423791
16724423793
18350477330
16724424807
18350477397
16565708634
18350467701
18350475297
16724427221
17167238211
16724424821
16569718904
16565709071
16739134751
16739134810
16569719322
18350476135
16574982143
16724425471
16574986694
16739135019
18350468974
16724429404
16739135015
16569712926
16574986701
16574983087
17167237211
16739134728
16739134919
16574981704
16574980197
16574983068
16574983080
16724428622
17167237955
16574983075
16574980183
16569717160
16739134761
16565708481
16574986844
16574986724
16739135119
16574982312
16569714079
16565707218
16569717156
16739134820
16724429347
